+---------------------------------------+
|100|099|098|097|096|095|094|093|092|091|
|---------------------------------------|
|065|064|063|062|061|060|059|058|057|090|
|---------------------------------------|
|066|037|036|035|034|033|032|031|056|089|
|---------------------------------------|
|067|038|017|016|015|014|013|030|055|088|
|---------------------------------------|
|068|039|018|005|004|003|012|029|054|087|
|---------------------------------------|
|069|040|019|006|001|002|011|028|053|086|
|---------------------------------------|
|070|041|020|007|008|009|010|027|052|085|
|---------------------------------------|
|071|042|021|022|023|024|025|026|051|084|
|---------------------------------------|
|072|043|044|045|046|047|048|049|050|083|
|---------------------------------------|
|073|074|075|076|077|078|079|080|081|082|
+---------------------------------------+